0 1231 540 20 52 1
0 1254 526 19 48 1
1 746 587 25 69 1
1 789 564 25 72 1
2 621 596 21 65 1
2 662 581 20 71 1
3 649 602 22 65 1
3 687 584 22 65 1
4 701 586 23 70 1
4 735 569 21 68 1
5 849 584 116 85 2
5 710 669 117 64 2
6 976 546 86 56 2
6 908 576 98 66 2
7 1046 579 89 62 2
7 1177 488 64 46 2
8 677 549 20 54 1
8 705 536 21 56 1
9 790 539 28 70 1
9 826 525 27 66 1
10 700 549 27 56 1
10 732 538 26 52 1
11 768 523 25 64 1
11 804 511 22 60 1
12 813 542 26 71 1
12 849 526 26 69 1
13 680 586 29 69 1
13 714 569 29 69 1
14 817 533 26 68 1
14 844 522 24 66 1
